---------------------------------------------------
Algo
---------------------------------------------------

1. Take row of coordinate.
2. Add constant random term to it.
3. idx = Mod 64
4. shift = shifts[idx % 4], where shifts=[0,4,9,12]
5. lookup  = (shift + idx/4) % 16

approach 1:
6. pattern = patterns[lookup]
7. start   = starts[lookup]
8. ...

approach 2:
#6. rotation = 7 + 12*lookup
6. rotation = 12 * lookup
7. resource = (resources[(x+rotation) % 64] == true)

rotations:     7 19 31 43 55  3 15 27  39  51   6  11  33  35  47   5
#rotations:    7 19 31 43 55 67 79 91 103 115 134 139 161 163 175 197
rotations_12s: 7 19 31 43 55 67 79 91 103 115 127 139 151 163 175 187
               ^           ^                ^           ^
deltas:          12 12 12 12 12 12 12  12  12  12  12  12  12  12  12

resources: 0  7  17  24  34  41  47  58  (64)

 starts:    0 5 3 4 3 4 2 7 2 7 1 6 1 6 0 5
#patterns:  2 4 5 7 8 2 3 5 6 8 2 3 5 6 7 1
 patterns:  1 3 4 6 7 1 2 4 5 7 1 2 4 5 6 0
            ^       ^         ^     ^
 shifts:    0       4         9     12

---------------------------------------------------
Patterns
---------------------------------------------------

1:  7  10  7  10  7  6
2:     10  7  10  7  6  11
3:         7  10  7  6  11  6
4:            10  7  6  11  6  7
5:                7  6  11  6  7  10
6:                   6  11  6  7  10  7
7:                      11  6  7  10  7  10
8:                          6  7  10  7  10  7

    7  10  7  10  7  6  11 = 58 = 56+2

    7  10  7  10  7  6  11  6 = 64 = 2^6

    7  10  7  10  7  6  11  6  7  10  7  10  7  6  11  6  7  10  7  10  7  6  11  6  7  10  7  10  7  6  11  6

starts:    0  5  3  4  3  4  2  7  2  7  1  6  1  6  0  5
result:    7 19 31 43 55  3 15 27 39 51  6 11 33 35 47  5
patterns:  7 24 34 47 58  7 17 34 41 58  7 17 34 41 47  0
patterns:  2  4  5  7  8  2  3  5  6  8  2  3  5  6  7  1

starts:
3 4
3 4
2 7
2 7
1 6
1 6
0 5
0 5

patterns:
1 3
4 6
7 1
2 4
5 7
1 2
4 5
6 0
